3.496297
2.817008
6.305480
4.537975
3.204357
6.147205
5.089898
6.374879
3.934966
2.265202
3.030452
12.890060
3.057629
6.176947
2.948807
2.644037
3.794070
2.353263
3.868950
4.616821
3.588440
20.011867
2.773153
3.748232
2.860397
18.466437
11.331801
9.149537
11.737695
22.266444
2.495909
4.055335
7.156458
3.241681
5.946824
5.622925
5.812459
2.908684
11.341132
3.780073
2.676112
4.397195
10.025475
3.103933
5.496142
4.642831
2.283398
3.136242
10.016144
2.833221
5.164312
2.560409
5.028664
5.237676
3.756046
3.786488
3.687697
2.947641
7.228772
7.396029
6.663320
2.410648
21.188726
13.757834
18.482766
4.788743
6.044798
8.308590
2.784000
20.094678
8.191954
4.924391
3.375112
4.797724
2.232894
4.006931
5.162446
2.244091
8.352912
2.327136
3.052030
2.421262
3.782756
7.763549
3.969607
6.303847
7.077145
3.370214
2.808494
2.270801
3.026953
5.276749
3.217070
2.557726
6.042816
11.991962
2.711103
